Plik Konfiguracyjny
TITLE
LunarLander 0000

HEIGHT
600 0000

WIDTH
800 0000

xMap1
0 0 40 100 200 375 400 425 475 525 550 625 650 725 800 800 0000
yMap1
600 500 500 450 500 500 450 425 400 450 425 525 500 475 500 600 0000
xLanding1
200 375 375 200 0000
yLanding1
498 498 502 502 0000
gravity1
300 0000

xMap2
0 0 25 50 100 125 175 200 300 400 500 625 700 750 800 800 0000
yMap2
600 300 250 250 350 500 400 450 250 300 500 500 400 450 350 600 0000
xLanding2
500 625 625 500 0000
yLanding2
498 498 502 502 0000
gravity2
400 0000

HighScores
Name1
John 0000
Score1
120 0000
